1337
4968
8228
10949
14749
17870
22406
25634
27702
31239
35836
38914
42854
45298
48551
51984
56314
59842
63890
68071
71852
74290
77130
81123
84816
88306
91962
96379
100765
103294
106385
110009
112745
117460
119850
122709
126331
129001
133390
138209
141072
145034
147842
149889
154592
157592
160737
162904
167266
171916
175973
179746
182627
185395
189833
192243
194802
197955
201843
206071
209414
211993
216584
220299
224437
228456
231511
233775
236591
240058
242722
246848
249079
252688
254721
257216
261535
265629
269488
271878
274008
277670
280609
284797
287912
291498
294273
299235
301663
306046
308627
312961
317191
319241
322218
327083
330654
333339
337249
339456
344080
348452
352730
356237
359694
363926
368565
371007
373060
376863
381412
384378
387763
391686
395176
398023
400208
403245
406237
410143
413587
417747
420168
423827
426367
430607
433710
436544
441286
445700
448593
453586
456766
459448
462137
464665
468469
472294
474471
477040
481799
485828
490095
494689
498015
502569
506046
510096
512973
517497
520806
524878
528991
533711
538197
542884
546739
549112
553365
557852
560425
564776
567551
571066
574346
578976
581202
584621
589491
593495
595893
600515
603115
605724
609729
612172
614793
616820
619196
623049
627721
632134
634877
638515
642784
646895
650533
654356
659173
662641
666552
670407
675030
679927
683487
685738
688393
691442
695959
700204
703395
708309
712848
716534
720088
724529
727625
731847
736717
739151
741735
745421
749856
754395
758470
762753
765902
770322
774399
776865
780461
784533
788819
793294
796705
800740
803818
807091
809653
814433
816468
818953
821514
824498
826862
830998
833990
836060
838280
840757
845248
848468
851219
853701
857036
859942
862668
865780
870553
874986
877045
880924
885588
888348
892833
897359
899674
904596
909455
913423
917615
920229
924557
927956
932837
937094
939523
943628
948078
952594
957510
961922
965599
970317
972992
977169
980388
984757
988144
992300
996820
1000521
1002934
1007614
1010622
1014438
1018562
1020848
1023288
1025349
1029973
1032155
1037017
1041810
1046046
1049329
1053394
1056834
1061324
1064207
1068740
1072765
1077128
1080095
1085078
1089900
1092135
1096970
1100202
1102806
1106118
1108194
1111547
1113735
1117800
1120640
1124842
1128102
1130925
1133808
1136893
1141563
1143943
1147848
1152704
1156976
1159321
1162393
1165044
1168622
1172119
1176741
1179672
1184195
1187608
1192292
1194955
1197798
1201772
1204937
1207329
1210134
1214963
1219287
1222224
1226693
1231108
1235916
1238679
1243354
1246869
1250760
1254301
1256310
1258327
1262348
1266135
1269517
1272413
1276503
1279211
1281626
1286064
1290955
1295279
1298294
1301985
1304590
1307064
1309189
1312573
1315877
1319123
1322402
1324587
1329380
1333486
1335884
1338816
1341433
1344104
1347943
1350217
1355065
1358986
1362929
1364984
1367252
1369353
1373505
1376113
1380140
1382480
1384553
1387725
1390025
1393562
1398452
1401548
1406190
1410475
1413093
1415686
1420373
1422518
1425407
1430166
1432396
1435044
1438699
1441892
1446868
1449907
1454638
1457922
1462656
1465285
1469751
1473983
1477043
1480874
1484622
1488770
1491666
1494015
1496065
1499081
1503941
1507656
1512593
1517356
1519391
1523828
1527172
1529651
1533294
1537950
1541076
1545503
1548200
1551646
1555364
1560284
1564046
1568214
1571191
1573242
1576631
1580509
1583016
1585127
1589946
1594065
1598128
1601191
1604672
1609124
1612236
1615668
1619295
1622675
1626960
1629304
1632413
1636896
1641852
1646751
1649013
1653231
1657228
1661179
1665137
1668327
1672260
1674985
1678874
1682508
1685319
1687354
1690313
1693233
1695941
1700362
1704815
1709040
1712899
1717600
1721327
1726096
1729171
1733335
1738267
1740343
1745114
1749367
1752759
1755832
1759556
1764247
1769043
1771336
1774888
1777460
1781244
1783407
1788157
1791469
1794043
1797393
1801592
1804178
1808920
1812716
1817438
1822133
1824632
1826960
1830030
1834598
1836763
1841752
1845008
1849650
1852599
1854656
1858611
1863469
1867550
1870255
1873696
1877918
1882329
1887018
1889940
1893052
1896063
1900400
1902995
1907554
1911460
1915259
1919048
1923255
1925893
1928815
1932795
1936356
1938590
1942818
1946919
1950365
1953403
1956955
1960731
1965713
1968555
1971240
1974637
1976898
1981690
1986235
1988320
1991877
1996250
2001043
2005391
2007601
2011811
2015282
2019291
2022966
2026038
2029149
2032803
2037398
2039693
2043056
2046504
2050686
2055376
2058664
2061314
2065421
2067961
2070311
2074322
2076772
2081546
2085308
2088898
2092049
2094788
2098984
2103144
2106352
2108651
2113598
2118572
2121234
2126182
2130451
2135097
2138070
2140528
2142879
2147668
2151483
2156247
2160518
2162595
2167357
2169489
2172807
2176570
2179675
2182682
2187504
2191595
2194014
2196578
2200586
2204797
2208391
2211804
2214517
2216926
2219835
2224240
2228273
2231975
2236794
2240593
2245513
2248468
2253165
2257410
2262099
2264969
2268698
2271702
2273712
2276317
2281053
2283992
2288699
2292718
2295560
2299239
2303331
2305925
2309877
2314054
2317668
2321018
2324390
2327077
2331481
2334375
2337033
2340590
2344935
2349739
2352567
2357404
2360196
2364059
2368930
2371832
2376128
2380763
2383063
2386389
2389991
2392196
2396569
2399815
2402818
2405425
2408482
2412653
2416531
2419613
2423740
2427544
2431279
2434966
2437895
2440211
2443698
2448452
2453207
2455598
2459942
2464682
2467856
2471961
2474557
2479231
2482791
2487641
2490187
2492755
2495135
2498764
2502511
2504664
2508694
2512129
2514177
2516557
2520638
2523064
2527009
2531206
2535889
2540660
2542775
2546045
2548815
2552165
2556838
2561712
2563740
2567629
2571275
2575314
2577523
2581955
2584197
2587773
2592248
2595203
2597486
2600072
2603107
2606204
2609150
2611493
2613786
2616199
2618937
2622141
2626597
2629050
2633274
2636132
2639074
2641801
2644016
2646446
2649741
2652826
2655913
2660610
2665573
2670323
2672345
2676303
2678634
2681315
2685930
2688179
2692914
2697664
2701348
2704942
2708301
2713126
2717289
2719894
2724174
2726697
2730147
2734775
2738434
2742271
2746293
2750666
2754064
2758526
2761678
2765783
2768092
2771982
2776119
2779394
2783068
2786870
2790785
2794741
2799571
2803841
2806857
2809990
2812595
2815415
2818906
2821185
2823202
2825460
2830184
2833919
2836029
2840621
2844422
2848284
2850799
2854199
2859162
2863189
2865205
2868706
2872801
2877733
2880630
2884026
2888220
2891173
2893229
2896247
2898647
2903205
2907688
2911808
2914326
2917169
2919376
2921481
2925993
2928378
2932808
2935698
2938441
2942686
2946960
2950647
2953483
2955504
2957948
2960518
2963242
2966449
2970021
2974097
2976513
2979041
2981497
2985751
2989420
2992088
2994700
2999153
3003160
3006552
3009324
3011615
3013826
3015898
3019517
3022722
3027223
3029739
3033553
3037462
3041503
3044875
3049867
3054521
3058068
3060694
3063514
3066682
3069200
3073421
3076196
3080183
3084989
3088481
3092356
3095338
3098614
3101804
3106195
3109622
3114177
3116307
3120988
3123274
3127377
3131499
3135316
3137723
3139950
3143986
3146941
3150921
3153830
3156440
3161276
3165509
3168389
3171490
3173916
3176401
3179777
3184491
3187636
3190285
3193074
3196695
3201018
3203088
3207550
3211574
3214964
3218372
3221358
3225745
3229030
3233856
3236665
3240746
3244302
3247682
3250567
3253250
3255404
3257414
3259671
3261913
3264842
3266842
3271072
3274241
3278215
3282826
3285777
3289642
3293609
3295802
3298379
3301733
3306037
3310887
3314867
3319424
3324368
3326712
3329339
3332675
3335946
3338597
3340735
3342807
3347252
3349683
3353729
3357280
3359675
3362490
3364745
3367641
3372316
3375501
3378411
3382876
3385648
3389407
3394177
3398112
3400243
3404875
3408609
3412573
3416066
3418685
3422424
3425052
3427561
3430860
3434990
3439763
3442125
3447054
3449073
3452448
3454899
3459147
3462074
3466976
3470946
3474700
3478521
3482153
3486195
3489326
3492162
3495258
3498628
3503461
3507344
3511025
3513062
3515451
3517714
3521748
3523768
3525920
3528253
3530783
3533622
3537121
3541957
3546777
3549991
3553156
3555889
3559434
3563956
3567241
3569959
3573722
3577970
3581700
3584166
3588293
3591680
3596232
3600973
3603293
3605580
3608115
3611708
3614528
3618693
3622278
3624500
3627048
3629112
3632565
3635316
3638736
3642702
3645991
3648234
3651031
3654942
3657109
3660321
3664387
3669210
3672182
3674801
3677029
3679997
3683543
3687006
3691207
3693475
3698386
3701844
3705363
3708900
3711104
3714877
3718911
3723174
3727603
3730928
3734808
3736966
3739471
3743446
3748132
3752129
3755938
3758032
3760401
3763655
3766434
3770904
3774173
3776198
3778545
3783090
3785858
3790150
3793756
3798454
3803252
3807121
3812014
3816448
3820374
3824522
3829384
3834270
3836869
3839921
3842325
3846190
3850167
3853693
3858639
3861438
3863956
3867863
3871573
3876481
3879379
3882699
3886570
3891100
3894632
3898249
3900342
3904034
3907492
3910034
3914263
3917693
3921355
3925789
3928914
3933836
3937423
3940867
3943367
3946802
3949245
3953851
3958530
3962396
3967260
3970750
3975106
3978271
3982098
3986418
3990379
3993054
3996150
3998680
4002770
4007463
4011419
4014944
4017152
4022070
4025044
4029570
4033161
4037397
4041375
4045464
4048329
4050930
4054868
4059776
4064474
4067226
4070662
4072980
4075826
4079645
4082017
4086129
4088977
4092681
4096444
4098725
4100850
4105264
4107760
4110533
4115334
4118381
4120603
4122632
4125033
4127093
4130086
4135066
4140032
4144617
4148431
4152008
4154960
4157858
4161595
4164532
4168723
4171683
4174340
4178833
4182184
4186396
4190507
4193025
4197581
4201002
4203011
4207248
4210940
4214354
4217129
4219360
4222275
4224997
4229837
4233788
4235909
4240090
4244557
4248549
4252462
4256070
4258184
4262060
4264316
4267731
4270373
4274945
4279419
4282249
4284736
4288265
4290423
4292880
4295064
4299301
4302564
4307447
4311294
4313713
4318346
4323019
4326009
4330531
4334983
4337131
4339418
4341856
4345922
4350024
4354429
4358701
4363501
4367229
4369467
4371788
4374989
4378647
4382563
4384906
4388970
4392835
4396002
4399617
4404587
4408623
4411007
4413260
4415378
4418461
4421711
4425316
4429792
4433746
4436994
4440767
4443952
4447396
4452391
4456403
4459452
4463007
4466203
4469938
4473294
4476745
4481349
4483666
4488405
4492606
4495540
4498805
4501653
4506298
4510239
4512990
4517087
4520759
4525140
4528097
4531857
4536440
4540552
4545406
4548692
4551449
4554212
4557805
4562454
4565939
4570453
4575444
4577758
4582468
4584603
4587032
4590382
4593532
4597330
4601069
4603347
4605527
4608516
4613250
4616021
4620980
4623696
4626666
4629956
4634457
4636934
4640076
4643913
4646933
4649120
4653259
4657282
4660727
4664208
4669096
4672935
4675946
4679330
4682503
4684849
4688469
4692696
4694722
4699453
4701476
4704997
4709278
4714029
4718194
4722574
4725199
4728228
4731584
4735698
4738064
4742571
4745072
4749831
4754236
4758084
4761187
4766015
4768344
4772061
4776963
4780923
4784674
4788569
4791492
4795663
4798332
4802308
4804598
4807114
4809573
4812134
4816444
4819585
4824094
4827745
4832498
4835984
4839131
4843442
4847129
4851588
4854227
4857515
4859918
4862119
4866413
4868482
4871748
4874128
4877563
4879635
4884448
4888684
4892808
4895174
4899065
4903197
4907318
4910920
4913631
4916575
4918942
4921059
4924493
4927598
4932394
4936423
4939683
4942542
4947052
4950275
4954892
4957210
4960026
4964040
4967776
4970916
4975825
4978070
4981630
4984827
4988825
4990893
4994255
4999209
5001887
5004632
5006979
5011083
5015982
5020244
5023178
5026125
5030244
5035160
5039021
5042516
5046841
5050957
5053727
5058637
5061294
5065872
5070426
5073019
5077775
5081265
5085588
5089929
5093632
5097389
5099958
5104604
5109171
5113979
5118613
5121980
5125566
5129757
5134301
5137626
5139970
5142656
5144805
5148891
5152902
5157865
5162584
5164639
5168231
5171672
5175165
5178332
5181288
5183439
5187308
5191280
5195820
5200597
5204603
5209233
5212576
5217200
5219744
5223060
5227763
5231366
5235985
5238000
5240211
5242327
5246206
5251113
5256013
5258698
5260953
5264617
5269362
5273095
5276382
5278820
5282346
5287185
5290421
5295373
5299515
5303737
5307913
5312301
5316330
5319883
5324286
5328891
5333620
5335787
5339891
5344272
5346679
5350413
5354601
5358062
5361817
5365023
5368665
5371251
5375739
5380653
5385460
5387914
5390021
5392538
5394584
5397219
5399991
5404495
5408224
5412965
5416270
5419888
5422201
5425064
5428776
5431140
5435713
5438884
5442644
5444940
5447310
5450938
5453759
5456581
5459798
5464688
5468600
5472713
5477413
5479747
5482238
5485227
5489440
5492103
5496030
5498484
5501554
5505485
5509581
5514164
5516666
5520933
5524581
5526606
5529584
5533724
5538404
5541954
5545083
5547680
5549953
5553255
5557834
5562174
5565494
5569049
5572909
5577055
5580864
5582934
5586390
5590990
5595567
5599076
5603503
5606586
5609978
5612435
5616878
5620131
5622713
5624956
5627264
5629588
5632442
5634704
5638713
5643185
5645440
5648215
5652069
5654338
5658926
5661275
5663657
5667630
5671111
5675497
5680192
5683775
5687900
5691940
5696538
5701139
5704825
5707650
5709789
5713697
5716066
5718308
5721021
5725545
5729522
5733277
5736806
5740056
5743392
5745801
5749974
5754266
5758567
5761296
5764943
5767620
5770099
5772818
5777555
5780148
5783238
5786043
5788047
5792582
5797516
5801230
5804770
5809698
5814478
5818911
5821533
5824265
5827482
5830204
5834256
5837020
5841584
5844360
5847942
5850644
5854016
5856986
5860853
5864892
5868839
5871760
5875900
5879537
5881828
5883895
5886708
5889438
5894264
5899219
5901835
5906078
5910917
5914789
5919432
5921756
5924022
5926410
5930901
5933984
5938518
5940970
5945175
5948065
5951527
5955695
5958532
5961866
5964803
5967193
5971364
5974651
5977804
5981628
5986577
5989410
5993438
5996709
6001057
6004694
6009453
6011770
6015978
6018684
6023606
6026936
6029717
6033850
6038427
6041284
6043425
6046377
6050807
6054114
6056872
6060924
6065248
6070076
6072120
6076221
6078659
6081776
6086314
6090605
6095339
6097825
6100718
6104717
6108994
6113199
6116797
6118969
6123229
6127036
6130251
6132576
6137111
6141266
6145040
6148790
6152593
6156168
6160442
6164595
6166681
6170808
6175598
6177922
6180771
6184964
6188889
6193330
6196009
6199018
6202877
6205070
6207544
6211552
6213673
6216215
6221064
6223913
6228391
6232230
6235926
6240022
6244086
6248419
6252101
6256658
6259837
6262138
6265296
6268441
6272919
6277427
6280285
6283988
6286307
6290103
6294720
6298567
6301460
6306164
6308543
6311262
6313361
6317704
6320335
6324581
6327608
6331032
6335521
6339868
6344687
6348793
6353749
6357376
6362128
6365502
6370172
6374696
6379312
6383791
6388011
6392813
6397790
6401121
6403208
6406481
6409320
6413266
6417891
6421975
6424241
6428147
6432022
6436277
6439391
6444373
6446397
6449813
6452480
6456744
6459804
6464181
6468017
6472541
6475736
6477986
6482017
6484164
6487179
6491537
6494977
6499345
6502610
6505425
6509987
6514604
6516648
6520012
6524349
6526746
6528860
6532599
6536454
6539247
6544091
6548475
6552778
6556361
6558887
6561672
6564324
6567250
6571128
6573703
6576683
6580152
6584330
6587589
6592017
6596156
6599160
6603866
6606612
6608821
6611826
6614181
6617960
6621246
6625809
6630544
6634568
6639035
6643389
6647095
6649489
6653803
6655902
6659785
6664106
6666381
6669401
6673420
6676590
6679143
6684094
6688315
6690598
6695155
6699715
6704155
6708627
6712157
6714481
6717898
6721627
6725012
6727958
6732056
6736217
6739542
6743502
6748083
6752633
6755547
6759540
6763434
6766598
6771330
6773722
6777950
6781989
6784828
6789283
6792798
6796851
6799977
6804454
6807727
6812645
6815275
6819620
6824408
6827490
6829518
6831632
6835450
6838843
6841831
6845995
6849733
6853955
6856839
6860982
6863765
6868170
6871413
6874061
6876882
6879996
6884470
6889400
6893208
6896958
6899699
6902077
6904139
6906537
6909731
6913620
6917155
6920262
6923896
6927603
6929818
6934310
6937913
6941106
6945752
6948838
6953344
6957593
6959745
6964319
6968399
6972261
6975509
6980435
6983517
6986244
6989521
6992397
6994816
6998659
7000783
7003653
7008363
7012412
7015819
7018033
7020180
7025105
7030076
7032966
7037719
7040128
7042785
7046153
7049866
7052079
7056901
7060253
7064835
7068478
7072453
7075623
7078434
7082670
7087500
7091066
7094108
7098086
7102211
7105764
7110405
7112664
7116344
7120629
7123038
7126535
7129692
7133041
7136663
7140714
7144724
7147994
7151257
7156159
7159363
7162457
7164821
7168130
7172630
7175512
7178751
7183358
7186323
7190054
7193985
7196000
7200674
7204428
7208886
7213470
7215702
7219173
7222996
7226800
7231475
7234146
7236521
7240625
7245369
7249541
7252741
7257235
7259447
7262797
7265467
7269435
7271917
7276910
7280506
7284117
7288039
7290935
7295874
7300529
7303295
7305897
7310707
7315262
7317530
7322168
7324306
7328078
7331954
7334645
7339262
7343892
7347640
7350200
7353146
7355621
7357796
7361608
7366508
7370328
7373835
7378670
7380931
7384667
7387083
7390788
7395765
7399094
7403606
7407997
7410750
7415491
7418398
7421244
7424872
7428417
7432506
7437253
7442102
7446938
7450843
7454994
7457468
7461053
7465042
7467408
7471118
7475838
7480081
7484562
7488566
7491647
7496308
7499655
7503111
7507561
7510643
7514525
7517360
7519949
7522097
7525436
7529007
7531952
7533957
7538816
7543489
7547053
7549845
7554745
7559110
7563275
7566159
7569280
7572533
7575775
7578469
7581503
7584727
7586830
7589722
7593956
7597989
7601315
7606095
7608936
7611355
7615617
7619343
7623984
7628651
7631684
7636227
7639494
7644065
7648866
7651727
7654772
7657551
7661765
7664211
7668133
7672059
7674967
7677212
7681596
7684717
7687659
7690300
7695190
7697535
7701239
7703306
7705407
7710218
7713818
7716285
7720169
7723190
7725500
7728910
7731351
7733536
7736352
7739523
7741921
7745990
7750915
7755242
7758934
7763658
7765719
7770631
7774335
7777446
7781160
7785678
7788707
7790921
7793348
7795814
7800590
7803924
7806168
7810450
7813758
7817160
7821543
7825605
7828767
7833582
7837385
7842218
7846909
7849410
7852050
7856120
7860576
7864607
7869170
7871868
7875252
7877568
7880078
7884274
7888658
7892672
7896327
7898855
7901149
7904137
7907076
7910742
7913498
7916256
7919991
7924764
7928202
7932572
7935445
7938955
7943667
7948135
7952203
7956414
7960046
7962632
7965043
7968716
7973106
7976752
7980286
7984354
7987415
7989436
7993276
7996306
8000806
8003758
8007933
8009952
8014847
8017173
8020691
8024778
8027645
8032042
8034466
8038373
8040771
8043843
8046369
8051071
8053162
8057590
8060809
8063568
8067102
8071982
8076178
8078761
8082721
8085584
8088244
8090804
8095669
8099590
8103245
8105449
8109576
8111686
8116586
8119857
8122605
8127250
8131368
8133828
8138567
8140933
8144583
8149345
8153424
8157224
8162205
8165267
8169943
8172597
8176606
8179861
8183968
8187290
8191158
8194695
8198494
8200837
8205606
8208722
8211379
8213888
8216057
8219569
8222528
8225642
8230422
8234222
8236590
8239039
8241205
8245649
8248145
8251977
8254410
8258128
8261490
8265024
8267922
8272444
8276373
8280251
8283682
8286145
8288409
8293150
8295497
8297754
8301952
8305843
8308446
8312674
8316848
8321476
8326230
8328700
8332273
8336391
8340713
8343937
8346534
8348585
8353086
8357445
8361553
8365705
8367809
8369877
8372460
8377064
8380715
8385219
8388031
8391883
8395789
8400622
8405168
8408213
8411442
8413589
8417266
8421248
8425045
8428099
8432074
8434243
8437550
8440007
8442556
8446159
8450727
8454967
8458154
8461610
8464714
8467803
8472124
8476185
8479143
8483231
8487285
8490854
8494000
8496356
8500373
8503990
8507082
8510749
8515557
8520378
8525327
8528254
8530262
8532540
8536240
8539809
8542579
8546777
8548833
8551162
8554601
8557195
8560918
8565215
8569706
8573936
8578697
8582060
8587040
8591517
8593980
8598572
8603315
8606831
8608855
8611903
8615570
8617862
8621610
8624087
8628422
8631007
8633242
8635996
8638761
8641390
8645272
8649213
8651350
8655123
8657289
8661973
8665136
8669273
8671750
8676691
8680139
8684081
8687900
8689903
8694417
8697527
8700226
8702550
8706495
8709088
8712739
8715740
8720295
8723104
8727772
8731798
8734407
8738245
8740380
8744332
8746440
8750389
8754863
8758665
8763209
8767137
8769867
8773006
8777198
8780080
8782454
8785320
8789002
8793717
8796117
8799695
8803201
8806939
8811263
8814133
8816938
8820925
8825070
8828742
8832182
8834308
8839126
8842785
8847211
8850499
8852962
8856381
8859454
8862856
8867504
8870063
8872578
8875110
8877585
8881064
8884452
8886452
8890946
8894510
8897374
8900328
8902722
8907231
8909416
8914284
8916577
8920589
8924400
8929017
8931119
8934854
8937802
8940334
8943167
8946447
8950423
8953800
8958779
8963634
8966982
8969923
8974038
8977202
8980085
8982907
8985818
8988321
8993085
8996326
8998620
9001250
9006040
9010865
9014480
9018869
9021313
9024190
9028016
9030812
9035032
9039712
9044520
9048730
9051900
9054724
9057025
9060723
9065405
9067812
9070757
9073898
9077036
9079874
9083400
9087577
9092333
9095229
9098314
9100990
9103563
9108346
9111564
9114453
9118607
9121822
9124487
9127277
9132166
9134385
9136936
9141738
9144485
9147640
9150840
9154445
9157234
9160214
9164091
9168375
9172274
9176155
9180847
9185827
9190462
9194074
9196203
9200551
9203725
9208101
9210377
9214939
9219090
9222674
9225890
9230131
9234290
9236807
9238893
9243128
9245373
9248250
9251713
9254521
9257170
9261118
9263176
9266673
9270233
9273114
9275401
9279443
9283391
9285391
9288350
9292282
9296318
9300571
9304870
9308761
9312837
9316079
9318967
9322018
9326496
9331441
9336205
9340358
9344023
9347685
9350125
9352363
9355880
9360053
9363347
9366953
9370319
9375316
9378566
9383242
9385723
9389179
9392030
9396125
9398191
9401123
9405915
9409988
9411990
9416671
9420359
9423704
9427637
9430401
9432853
9436216
9438929
9442811
9446062
9449917
9453656
9456317
9460252
9462614
9465669
9468933
9473448
9476889
9479006
9481906
9484721
9488762
9491519
9495965
9499133
9503728
9507546
9509826
9513118
9516241
9521024
9525059
9529448
9532840
9537584
9539791
9543268
9546040
9548487
9553220
9557584
9559809
9564775
9567350
9570080
9574390
9577609
9580841
9585799
9588596
9591318
9595151
9597901
9601113
9605008
9607080
9610830
9614931
9618777
9621265
9625518
9628210
9631665
9633793
9637791
9641613
9644088
9649040
9652803
9657355
9660153
9662505
9665623
9668013
9672929
9675319
9679322
9683683
9686150
9690024
9694903
9697704
9702035
9706080
9710543
9713687
9715954
9718636
9721600
9726260
9729589
9731626
9735052
9738728
9741160
9743226
9746057
9749718
9751801
9754307
9756910
9759602
9762246
9765166
9767936
9770688
9773812
9777448
9779641
9781919
9785603
9790043
9794297
9798209
9800319
9802955
9807117
9811652
9816474
9819787
9823470
9825598
9829185
9832753
9837651
9842198
9847046
9849240
9853400
9857836
9862756
9866370
9871273
9873599
9877218
9879762
9882352
9886318
9888730
9893510
9897708
9902307
9906188
9910024
9913069
9917393
9921135
9923505
9927455
9929811
9932478
9936756
9940532
9943009
9947302
9949394
9952915
9956792
9959876
9964242
9968698
9970759
9974724
9978096
9982753
9985837
9989005
9991835
9994882
9998616
10002103
10006497
10010555
10013183
10016576
10019638
10022650
10026535
10030678
10034344
10039075
10042282
10045713
10048086
10051733
10055460
10057982
10060268
10064637
10067271
10070987
10075966
10080542
10083018
10085542
10088383
10090763
10095448
10098914
10102419
10106825
10110286
10113200
10117505
10121262
10123361
10125444
10129021
10131635
10134981
10137090
10140588
10143696
10147239
10152055
10155944
10158106
10162332
10165150
10168880
10172332
10177248
10181716
10185997
10190238
10192784
10196417
10200099
10204708
10206893
10211734
10213951
10217141
10219169
10221819
10223979
10228406
10230756
10235243
10237632
10242276
10246586
10248698
10253414
10256929
10260271
10264327
10266606
10269796
10272329
10274780
10278853
10280981
10284197
10288429
10292558
10297444
10300724
10304411
10309188
10313487
10318134
10321562
10324867
10329261
10331926
10334040
10337401
10340490
10345463
10348219
10352242
10354563
10359403
10361863
10365363
10368642
10371304
10374667
10378177
10381156
10384457
10387880
10392759
10397277
10401101
10405599
10410048
10412834
10416301
10421200
10425148
10427885
10431409
10435803
10439161
10442891
10446578
10449803
10452278
10455035
10459539
10464432
10467781
10470777
10472908
10475567
10478030
10482581
10486792
10490998
10495052
10498197
10503155
10507799
10510630
10513339
10517637
10521411
10524613
10529477
10534052
10536537
10539576
10541866
10545154
10547336
10552321
10554956
10559381
10563974
10566644
10570316
10573910
10576523
10579064
10582130
10585511
10587626
10591327
10596220
10598597
10600895
10603362
10607516
10611108
10614661
10616938
10621549
10625878
10629709
10633110
10636219
10638824
10641989
10645947
10649766
10652080
10655556
10659121
10661256
10663633
10666108
10668874
10671230
10675785
10679086
10681268
10685999
10688333
10692047
10695235
10697351
10701832
10705197
10709778
10714059
10716563
10720427
10724756
10729564
10732165
10736359
10739536
10744002
10746825
10750610
10753519
10758276
10760636
10763920
10766701
10771443
10774921
10778938
10783551
10787010
10790059
10794014
10796985
10801759
10805435
10809239
10812784
10815871
10820624
10825585
10828039
10831914
10836756
10840941
10845401
10848303
10851957
10856593
10859714
10863463
10866567
10869581
10873410
10875688
10878842
10882244
10886430
10888706
10891892
10894149
10896286
10899503
10902771
10906203
10910036
10914142
10916931
10918997
10921650
10923845
10928753
10931829
10936405
10941102
10944604
10948729
10953313
10955379
10957764
10962396
10965216
10969800
10973221
10976014
10979822
10983793
10988020
10990603
10992726
10995440
10997871
11000390
11002613
11007125
11011427
11014885
11017221
11021488
11024672
11027286
11030016
11032888
11037069
11040859
11045229
11050191
11053963
11058934
11061473
11064492
11067685
11070180
11074622
11078528
11083352
11087591
11091255
11095910
11100004
11104050
11107046
11111936
11114682
11119326
11121597
11124379
11128883
11131796
11135441
11138232
11140713
11143168
11145475
11149590
11153554
11156081
11159669
11164345
11168282
11172139
11175229
11177685
11179694
11183873
11187263
11191090
11195912
11199883
11203811
11207800
11211488
11213522
11216602
11221150
11225158
11228796
11232283
11237085
11240057
11243889
11247436
11250426
11254180
11256582
11261226
11265026
11269780
11272795
11277596
11280896
11284232
11287534
11291154
11295067
11299695
11302482
11305366
11308335
11310680
11315609
11320483
11323246
11325902
11330635
11334549
11337341
11341476
11345005
11348051
11351226
11353689
11356905
11359850
11363447
11367248
11370810
11375012
11379641
11382538
11385484
11389732
11393075
11397901
11401730
11404872
11409339
11413731
11417017
11419434
11421859
11424050
11428170
11432442
11436495
11439974
11444770
11449104
11451210
11454839
11457696
11459734
11463778
11466912
11470467
11472541
11476830
11479342
11482551
11486358
11490788
11494889
11498829
11501106
11504820
11508500
11511198
11514788
11517653
11519747
11524550
11528175
11530464
11532563
11536817
11540423
11542615
11545709
11550128
11552567
11557525
11559945
11563761
11568080
11571175
11575004
11577361
11581893
11584217
11588294
11591180
11594929
11598929
11601984
11606598
11610761
11614806
11617115
11621108
11624358
11626932
11629487
11634462
11637595
11640472
11645191
11648473
11652559
11655934
11659514
11662424
11665303
11669769
11672784
11675334
11677338
11680514
11685116
11688259
11692712
11695330
11698800
11702907
11707406
11710803
11713534
11717513
11720508
11723741
11726686
11729734
11734356
11737911
11740522
11743188
11747773
11750271
11753420
11757366
11760309
11763581
11768558
11771651
11774506
11778913
11781424
11786103
11790818
11793663
11798166
11801434
11804573
11808622
11812662
11817219
11820410
11823982
11826612
11828960
11832410
11837275
11841967
11846803
11851431
11854834
11857102
11860352
11863696
11867287
11871965
11874711
11877765
11881203
11883746
11887974
11892912
11895233
11899966
11902637
11904847
11907496
11910568
11914268
11917945
11920440
11924162
11926694
11931066
11934844
11939137
11943448
11947469
11951983
11954211
11957434
11960428
11962504
11966241
11970095
11973068
11975658
11978964
11983565
11988083
11991818
11994876
11998934
12001418
12005347
12009427
12011808
12015423
12017967
12020187
12024898
12029001
12031503
12034676
12037283
12042032
12045085
12050003
12052916
12056190
12058193
12060897
12064868
12067114
12072069
12076074
12081019
12083520
12086435
12091229
12096123
12100794
12103809
12107610
12111669
12116480
12118903
12122978
12127648
12131041
12133790
12136641
12140326
12142953
12146284
12148408
12151822
12154190
12157129
12159378
12163795
12167233
12170307
12172555
12175379
12178860
12183421
12185948
12190602
12193200
12196779
12200980
12203425
12206251
12210141
12214123
12216293
12218911
12221443
12226277
12229082
12234073
12238967
12241317
12245084
12248815
12253162
12257535
12259937
12263836
12267719
12271943
12274271
12278826
12282742
12286304
12289262
12291371
12295218
12298832
12303448
12305477
12308990
12312011
12316942
12320661
12325627
12328271
12331368
12335532
12340357
12342513
12346496
12349551
12353039
12357748
12360355
12362985
12365928
12369483
12373237
12377940
12382030
12384332
12386873
12389773
12394060
12399016
12403920
12408196
12410400
12413960
12418071
12421893
12423945
12426252
12429811
12431861
12433861
12436677
12441147
12445277
12449803
12452800
12457569
12462282
12466690
12471370
12473982
12477973
12482321
12484713
12488868
12492085
12495035
12498851
12502242
12505908
12509786
12512242
12514550
12516944
12521292
12525429
12530145
12532837
12537122
12539997
12542846
12546948
12550804
12553807
12557033
12561542
12565696
12570139
12575032
12579462
12582849
12587609
12592108
12594399
12596755
12599713
12602389
12606768
12611100
12615200
12617930
12620533
12624687
12627828
12631340
12634704
12636950
12641260
12644318
12648000
12650027
12654290
12658628
12662399
12665829
12669897
12673952
12677533
12682065
12684486
12687730
12691294
12693482
12697113
12699117
12703633
12706581
12710324
12713657
12718179
12721144
12725195
12729553
12733563
12738321
12742654
12745928
12748804
12752641
12757284
12762223
12764846
12766949
12769594
12773386
12777941
12781017
12784553
12786756
12789344
12791858
12795790
12798300
12802439
12806999
12810702
12813624
12818456
12822073
12825624
12830128
12833178
12835737
12838311
12842408
12846991
12850495
12855097
12857594
12861611
12865674
12870406
12873535
12877695
12880507
12883837
12888328
12890477
12894101
12897530
12902485
12905650
12908866
12911465
12915649
12919407
12923341
12926579
12931357
12933759
12937276
12942104
12946617
12950124
12954234
12957719
12960699
12964554
12968260
12972435
12975063
12979082
12981202
12983296
12985417
12987572
12990084
12993160
12995449
12999294
13004002
13006552
13009055
13012329
13014355
13017833
13020607
13024783
13027129
13029469
13034449
13038417
13040832
13043594
13046778
13049404
13051450
13054274
13058684
13062541
13065367
13067811
13071492
13074625
13078790
13083297
13088286
13090535
13093944
13095951
13099749
13103759
13106477
13108921
13113833
13116994
13121270
13125368
13128120
13130869
13135357
13139969
13144111
13148864
13153842
13156671
13159077
13162232
13166974
13171932
13174358
13178469
13182109
13184853
13189019
13193539
13196905
13201376
13206309
13211009
13214192
13218151
13222201
13224455
13229192
13233591
13237061
13240248
13243831
13247320
13252278
13256867
13260100
13264498
13266576
13270784
13273459
13277448
13280972
13283137
13286967
13291620
13294015
13297609
13301521
13305077
13307893
13312180
13316746
13320428
13324134
13329037
13333620
13337772
13340843
13343878
13346819
13350287
13353719
13358604
13361208
13363530
13365614
13369688
13374308
13378949
13382809
13386409
13390715
13395544
13399478
13402609
13405908
13409658
13413758
13417854
13422828
13425089
13429501
13433460
13437572
13441534
13445040
13448530
13453121
13456915
13458937
13463223
13466863
13470379
13473110
13475615
13479840
13482573
13487273
13490514
13494026
13498068
13500289
13502889
13505750
13507855
13511681
13516665
13521345
13525203
13529038
13531765
13535575
13539901
13544626
13548029
13550191
13553562
13557206
13559619
13564190
13567153
13570244
13574938
13578297
13582355
13585264
13589240
13592912
13596134
13599583
13602941
13605486
13608852
13611007
13613156
13617248
13621570
13624158
13627587
13630369
13634703
13637894
13640615
13644564
13648164
13650592
13654645
13659300
13661670
13665918
13669557
13672730
13675954
13679139
13682161
13684172
13688263
13691421
13693748
13698012
13701848
13705239
13708253
13710359
13714704
13719607
13722269
13726507
13729448
13732787
13736668
13740172
13742777
13745933
13748629
13750759
13755495
13758187
13762787
13767241
13769955
13772840
13776409
13779392
13782381
13787256
13791551
13793957
13798327
13800771
13804635
13808174
13811185
13813537
13816112
13821099
13824999
13828349
13833092
13838025
13842007
13844151
13848591
13851591
13854453
13859093
13864057
13867598
13871039
13873124
13875884
13880509
13885264
13888854
13893410
13897199
13900323
13902770
13907670
13912188
13916608
13920083
13922326
13924406
13927243
13931282
13933586
13936769
13941300
13945182
13948856
13952693
13955382
13957399
13961139
13966036
13970815
13974434
13979145
13983000
13985955
13989126
13991277
13996110
14000340
14003473
14006745
14010929
14014354
14017296
14020238
14024446
14028111
14032425
14036002
14038729
14041074
14045712
14048051
14052812
14057439
14062140
14067017
14071362
14074670
14076955
14079707
14081998
14085187
14087738
14090979
14093942
14096371
14098623
14102819
14107522
14109904
14112265
14114795
14119108
14123324
14127245
14129402
14131583
14135659
14139093
14141373
14145742
14148466
14151466
14156014
14159843
14163107
14167350
14169895
14173184
14175825
14178100
14182487
14186584
14191390
14195156
14197532
14201956
14204291
14209102
14213803
14217027
14221640
14225028
14227911
14232775
14235367
14237589
14241801
14246546
14250555
14253684
14257730
14260077
14264879
14269773
14271847
14275990
14278161
14281687
14285192
14287578
14291092
14294672
14297548
14302202
14305248
14309158
14312779
14316628
14321146
14324344
14327923
14330678
14335452
14339218
14343828
14348471
14352043
14356448
14360168
14365066
14368538
14372932
14375051
14379261
14382222
14386421
14388920
14391944
14394461
14396537
14400973
14405530
14408422
14410708
14415586
14417598
14421447
14425625
14429703
14432342
14436490
14438783
14442143
14445847
14449767
14453390
14456759
14461693
14465682
14467758
14470101
14475048
14478096
14480912
14484005
14487005
14491699
14494113
14496389
14500739
14504173
14507551
14509938
14512727
14515045
14518372
14522669
14526803
14529525
14533207
14535705
14539446
14544411
14548738
14553159
14556871
14560278
14563851
14568475
14570578
14574587
14578067
14581804
14586068
14589783
14593706
14597596
14600814
14603964
14607448
14609724
14614418
14616671
14619617
14624439
14628891
14633121
14636086
14640641
14644540
14648589
14652323
14654657
14657143
14661785
14666722
14669202
14672988
14677752
14681831
14683889
14687770
14691301
14693753
14697654
14702080
14704665
14707818
14710974
14714832
14717553
14721304
14726078
14728091
14732552
14736046
14740260
14743670
14746930
14751785
14755354
14759914
14764897
14769074
14771265
14775756
14778165
14780943
14782981
14785853
14790519
14794060
14796315
14800493
14805413
14808822
14811649
14815058
14819373
14821729
14825080
14829841
14833388
14836732
14839192
14843238
14847913
14852013
14854267
14857351
14860618
14862932
14865160
14868950
14872264
14876922
14880047
14882220
14885231
14888828
14893036
14897921
14901172
14905465
14908357
14912611
14917547
14921623
14925373
14928906
14931848
14935904
14939859
14941955
14944228
14946513
14949735
14953562
14957115
14960591
14962946
14965428
14968586
14973377
14975772
14979077
14981297
14983953
14988575
14993258
14996023
14999209
15001511
15004717
15007622
15010316
15013196
15017487
15020245
15022665
15026049
15030283
15032966
15036530
15040225
15044369
15047136
15049703
15054473
15059449
15061529
15063621
15066778
15070836
15074809
15078122
15083066
15086674
15090982
15095896
15099743
15102742
15105143
15108496
15113123
15116942
15121909
15125326
15129429
15132265
15136968
15141927
15144635
15147755
15150058
15153722
15157850
15161886
15164085
15167062
15171047
15174411
15177558
15180555
15184482
15186552
15189270
15192091
15194923
15199022
15202851
15206089
15209831
15212129
15214935
15219146
15222753
15225217
15229361
15233015
15236097
15238530
15242715
15245365
15248589
15252985
15256673
15261311
15264810
15269076
15273605
15277937
15280929
15285262
15290065
15292260
15296568
15300423
15303614
15305649
15307812
15310165
15312466
15316110
15320801
15323953
15328700
15331171
15334642
15337298
15340286
15343894
15347937
15351482
15355723
15358885
15361763
15366313
15370310
15374201
15378029
15381866
15386294
15388964
15392980
15395769
15399707
15402040
15405225
15408352
15411594
15414981
15419234
15421344
15424662
15427830
15432538
15434977
15437198
15439661
15444522
15448194
15451899
15455422
15459402
15462863
15466997
15469660
15472272
15474392
15476865
15479607
15482863
15487059
15490801
15494402
15497270
15501837
15504752
15507594
15511709
15515134
15518205
15521032
15525754
15529095
15532112
15534670
15538324
15542942
15547134
15549528
15553879
15557815
15562040
15565618
15568091
15570789
15574629
15576685
15578968
15582939
15585277
15590214
15593732
15596388
15599281
15601440
15604828
15607574
15611829
15614893
15618370
15622903
15626601
15629654
15632542
15637224
15641092
15643864
15647713
15651142
15655960
15659181
15662782
15665895
15669930
15672566
15677161
15680034
15682521
15685768
15690332
15694290
15696574
15699935
15704856
15706865
15711782
15714572
15717467
15720665
15723454
15725767
15727995
15730925
15733538
15736144
15739969
15744064
15748995
15751196
15754412
15757623
15759713
15764371
15768618
15772836
15776853
15779023
15781427
15785786
15790183
15793112
15796496
15801235
15803425
15807099
15811141
15814373
15818494
15822386
15825539
15829486
15834390
15838310
15842131
15847008
15850594
15854030
15857729
15862015
15864439
15867542
15871187
15874921
15878356
15883223
15887602
15889893
15894816
15898764
15902160
15906737
15911344
15915593
15920121
15923616
15926565
15929300
15932351
15935581
15940202
15944976
15947266
15951428
15953630
15957644
15961932
15964329
15968408
15972057
15975881
15979163
15982689
15986133
15990845
15995230
15998015
16001700
16003706
16007425
16009594
16014068
16017657
16021856
16024573
16027953
16030953
16033256
16035482
16037790
16041737
16043792
16045822
16050105
16052845
16055769
16060167
16062606
16065416
16067589
16070408
16074896
16077811
16081484
16085948
16090544
16095082
16098251
16101818
16103914
16107493
16110690
16113306
16117931
16120298
16123416
16128099
16131657
16135116
16139103
16142060
16146475
16149447
16153868
16156359
16161280
16164444
16169203
16174065
16176253
16181238
16185052
16187635
16190398
16194113
16198263
16201825
16205140
16210056
16212504
16217077
16219998
16222123
16226730
16231200
16233855
16238377
16240884
16242950
16245680
16247930
16250850
16254206
16256914
16261517
16266046
16268480
16272096
16274743
16277604
16280197
16284674
16287551
16289614
16292434
16296842
16301768
16304687
16309216
16312345
16315474
16317917
16321069
16325495
16327908
16331152
16334693
16339289
16343708
16347178
16352022
16355079
16357207
16359420
16363531
16365757
16370339
16372795
16376167
16380108
16384794
16388228
16390689
16395308
16400078
16404980
16408454
16411885
16414515
16418960
16421114
16425341
16429008
16433470
16438216
16442068
16446070
16450639
16454287
16459061
16462663
16465906
16468091
16472748
16474763
16477126
16480626
16485016
16489497
16494000
16497371
16499708
16504189
16507649
16509862
16513426
16516768
16520865
16523662
16526338
16529137
16532527
16535027
16537954
16540929
16545550
16549465
16551961
16555705
16559728
16562201
16565485
16568885
16571474
16575430
16578425
16581534
16584164
16588841
16592704
16596420
16599239
16602760
16606618
16611408
16614375
16617720
16621074
16625013
16629972
16632961
16635679
16639551
16643450
16648330
16652790
16655289
16658556
16663051
16665638
16670037
16674654
16678144
16680971
16683402
16687227
16692029
16695101
16698108
16700596
16705553
16707597
16711877
16715355
16720182
16724904
16727920
16731760
16735250
16739982
16742297
16745590
16748768
16751738
16753775
16756428
16760684
16765604
16768783
16771430
16774223
16778807
16783484
16787683
16791192
16794469
16796482
16799630
16804528
16808759
16812797
16815935
16818564
16821572
16824857
16828483
16832249
16834533
16838133
16841134
16843401
16846907
16849585
16854109
16856650
16860550
16864979
16867589
16871996
16875294
16877776
16881724
16886516
16889620
16893157
16896157
16899115
16901809
16904971
16907127
16910320
16913089
16916441
16918673
16923099
16926555
16929911
16932334
16934816
16939298
16942795
16947102
16951958
16956056
16959555
16963992
16967788
16971232
16973554
16976188
16978399
16982188
16985791
16987936
16991156
16993682
16998222
17001466
17003522
17007378
17010089
17013045
17017068
17020095
17022760
17026405
17028594
17030656
17033650
17036462
17040169
17042277
17045374
17049871
17053123
17056193
17060168
17063562
17066691
17071610
17075861
17080856
17085703
17090284
17094613
17096933
17099739
17103065
17107558
17110907
17113547
17117337
17122312
17126184
17129121
17133706
17137007
17140036
17143289
17145344
17149181
17154062
17158453
17163034
17166953
17169352
17173526
17176950
17181105
17184698
17189039
17193168
17196179
17199856
17202410
17206128
17210265
17213564
17217997
17221647
17224418
17228740
17231871
17235307
17238072
17240646
17243721
17246269
17251164
17253195
17258187
17263019
17266220
17270749
17274393
17276935
17281188
17284653
17287690
17291369
17294291
17297274
17299964
17303995
17308302
17310546
17313406
17317804
17321169
17324428
17327048
17330228
17332787
17335739
17338110
17342306
17344598
17348131
17350274
17353423
17357838
17362737
17365023
17369904
17372332
17374550
17379205
17384186
17387283
17391772
17395995
17398368
17401916
17406025
17410791
17415216
17417216
17419529
17422377
17425472
17429305
17433630
17436859
17440378
17445153
17447255
17449453
17452008
17454988
17458538
17462604
17466190
17470647
17473022
17475242
17479599
17483390
17486603
17489589
17492619
17495931
17500379
17503971
17508768
17513050
17517188
17521654
17524102
17526905
17528927
17532958
17536213
17538250
17541924
17544155
17548443
17551608
17554677
17557811
17562501
17565065
17568674
17573580
17577906
17581713
17586093
17591083
17594058
17598060
17601259
17604727
17607040
17610893
17612947
17615692
17619408
17623357
17627649
17632553
17635105
17639611
17641728
17645831
17650386
17653236
17655282
17658052
17660818
17663749
17667039
17671805
17674061
17676108
17679940
17683018
17685393
17688555
17692033
17696828
17700128
17702877
17705587
17710253
17714363
17718936
17722840
17727289
17729818
17733708
17738201
17740461
17744707
17747165
17749896
17752969
17757688
17761293
17764553
17768985
17771176
17773448
17776884
17779232
17783250
17785665
17787980
17792733
17796764
17799623
17803657
17806985
17809459
17813824
17817228
17821262
17826132
17829545
17834125
17838719
17842489
17847426
17850002
17853317
17856305
17858632
17863447
17866951
17871244
17873704
17876204
17879245
17881505
17885057
17888879
17890881
17893427
17897580
17899947
17902202
17904765
17908996
17911641
17915805
17918296
17920381
17923160
17926815
17930292
17934327
17939257
17943771
17946844
17951276
17955375
17958959
17963723
17967715
17971181
17974826
17979014
17981726
17985705
17988628
17991780
17994927
17999207
18001387
18005316
18009651
18012596
18016850
18021657
18024964
18028569
18031804
18034798
18039142
18043096
18047693
18050822
18053352
18057087
18061584
18064518
18067594
18071990
18074413
18077555
18081446
18085652
18090235
18095079
18100064
18103986
18107500
18112175
18115182
18118873
18123251
18125972
18130445
18133879
18137406
18141504
18144511
18147343
18150135
18152483
18155120
18160095
18164665
18168227
18172156
18174297
18176383
18179044
18183307
18187381
18189934
18192818
18194902
18198083
18202234
18205679
18209039
18213322
18217602
18221568
18226539
18229143
18231684
18235854
18238143
18242801
18246657
18251494
18255773
18258847
18261844
18264470
18267338
18271108
18274697
18279391
18283817
18287857
18290574
18293534
18296357
18300723
18305528
18309928
18314387
18319257
18322709
18327345
18331016
18333425
18335834
18339690
18342518
18345877
18349350
18354161
18356829
18359284
18362829
18366131
18370791
18372962
18375230
18377596
18381421
18383666
18387462
18391916
18395548
18400520
18404735
18408137
18410260
18412409
18417155
18420234
18423214
18426054
18428155
18430719
18433017
18436629
18441241
18444089
18446590
18449091
18451895
18456483
18458582
18463572
18467004
18470265
18472791
18475544
18478387
18481659
18484889
18488749
18490769
18495563
18498780
18503567
18505991
18509297
18513032
18516275
18519169
18523856
18526844
18530094
18532264
18536514
18540461
18545334
18548006
18552571
18554643
18558407
18562847
18566514
18569942
18574133
18577065
18579460
18581874
18584511
18587633
18591879
18596736
18600189
18604465
18607983
18612449
18614636
18617654
18620082
18624134
18628856
18632052
18635999
18638236
18640865
18644561
18648347
18652571
18655591
18660181
18663271
18665861
18668884
18673591
18677508
18681828
18684942
18688199
18691949
18696812
18699103
18703234
18706688
18711035
18715246
18720025
18723288
18726465
18730845
18734920
18737211
18741104
18744727
18748059
18752548
18757053
18759886
18763204
18767292
18771478
18774662
18778118
18781083
18784644
18788305
18792270
18796639
18798855
18803489
18805620
18808577
18811799
18814118
18816623
18818768
18822380
18825536
18830464
18832938
18837355
18842059
18845650
18848771
18851235
18853456
18857834
18861682
18865939
18867972
18872831
18875357
18877888
18881514
18886283
18890272
18894639
18896880
18901400
18904815
18909245
18914125
18917406
18921769
18923951
18928409
18932541
18935600
18939726
18942985
18947115
18949233
18953904
18957385
18959910
18964795
18968951
18973673
18978642
18980956
18985932
18990420
18994879
18999433
19003233
19007400
19009798
19012763
19017202
19019848
19022100
19026655
19028759
19032730
19037133
19040349
19044443
19048773
19052592
19055526
19059829
19063995
19066267
19069845
19073116
19077169
19080230
19083452
19087815
19091609
19094947
19097434
19099714
19101756
19105278
19108807
19111037
19114292
19117751
19122115
19124579
19128713
19131268
19135743
19140720
19145447
19148795
19153531
19158443
19161427
19165938
19168858
19173290
19177546
19179709
19183119
19186899
19190274
19195193
19197244
19200064
19202651
19206688
19208719
19211659
19214436
19218448
19223437
19226685
19229133
19233880
19237188
19240696
19244093
19248960
19253950
19258514
19261285
19264034
19268024
19270582
19273499
19278479
19281249
19286051
19290977
19295347
19299034
19302226
19305823
19310814
19314060
19317362
19319387
19323436
19328363
19333031
19335158
19339649
19343622
19346691
19348824
19351676
19353999
19357342
19360371
19362560
19367059
19371721
19374015
19376368
19380947
19383293
19386944
19389313
19393437
19397808
19402802
19407588
19411816
19416427
19420799
19425515
19430007
19432330
19437221
19441679
19444429
19448992
19452473
19456021
19460893
19463492
19468240
19470657
19474143
19476314
19480649
19485626
19488755
19491656
19494704
19499556
19501857
19504377
19507439
19510734
19512841
19515219
19517809
19520113
19525097
19527860
19530366
19534954
19537241
19539574
19543933
19546093
19551033
19553778
19556886
19560658
19564426
19566836
19569820
19574696
19579272
19582037
19585439
19589535
19594101
19599014
19601502
19603987
19606384
19608523
19612676
19615617
19620162
19624284
19627033
19630845
19633196
19636139
19639157
19642663
19646184
19650502
19653156
19658074
19660165
19664447
19666759
19669948
19673695
19677565
19681659
19683691
19687752
19692112
19695679
19699028
19702743
19706841
19711246
19714911
19719644
19723046
19727796
19731349
19735848
19738144
19741946
19744139
19747699
19752136
19755739
19758953
19762752
19764891
19768224
19771080
19775123
19777929
19782133
19787067
19789423
19794191
19798187
19802119
19806635
19811197
19815754
19820563
19825391
19829074
19831329
19833400
19838276
19842419
19846456
19850375
19855148
19858163
19861022
19864240
19869189
19873173
19878087
19882472
19884583
19887627
19891377
19894910
19898268
19903252
19908020
19910044
19913922
19916009
19918344
19921380
19925606
19929998
19933349
19935479
19938820
19943125
19945461
19947836
19952307
19955171
19959293
19964204
19968330
19973248
19977318
19980746
19984460
19986772
19990842
19994286
19996847
19999768
20002066
20006965
20009724
20011910
20014744
20019291
20021964
20026146
20028343
20032663
20036660
20040470
20042957
20046060
20048541
20051209
20053877
20056914
20060732
20064660
20067247
20072002
20076434
20080721
20082835
20087739
20089899
20092530
20097295
20100135
20104844
20109143
20113702
20117518
20122140
20124292
20128617
20132332
20135828
20139356
20144194
20146349
20149376
20153051
20155582
20159632
20164479
20168800
20171055
20175236
20179668
20182030
20184433
20186627
20191074
20193637
20195907
20200688
20205550
20209923
20213052
20217518
20220915
20225265
20229054
20233922
20237389
20241039
20244873
20248512
20253464
20255630
20259246
20263915
20265978
20269216
20272671
20277552
20281610
20285413
20289538
20293333
20297136
20300446
20303966
20307182
20310023
20313190
20315285
20319752
20324526
20327186
20330259
20332449
20336799
20340362
20345137
20348808
20352890
20355391
20360231
20364531
20368014
20372547
20375360
20377658
20380261
20383092
20386320
20390900
20393231
20397624
20400743
20403278
20407620
20410886
20413494
20418250
20422890
20427282
20429777
20431836
20435395
20438453
20441462
20445135
20447496
20450947
20453691
20456227
20459893
20462656
20466208
20470885
20475723
20479140
20483632
20487555
20492392
20494929
20496992
20501732
20505751
20508934
20511200
20515118
20518234
20522646
20525401
20530135
20532838
20537718
20541382
20545968
20549068
20552053
20555368
20559148
20563549
20568016
20571760
20575807
20579118
20583094
20586130
20590318
20593065
20596439
20600358
20602821
20606993
20611530
20615810
20618243
20622828
20627210
20630212
20633520
20638111
20642923
20646701
20651603
20655102
20658665
20662054
20664425
20668204
20671775
20673796
20678467
20683054
20686777
20690960
20695475
20697862
20701136
20703707
20707662
20711453
20716084
20720873
20723267
20726977
20730401
20734859
20738059
20742851
20746772
20748788
20752840
20755890
20758751
20762168
20766385
20770832
20774208
20777637
20782152
20784840
20789281
20793257
20797346
20800949
20805477
20810472
20814990
20817261
20821382
20824020
20828428
20831256
20835157
20839865
20843706
20847662
20849839
20853725
20856510
20861434
20863529
20866373
20870895
20874029
20876600
20879305
20883794
20888282
20892573
20897379
20900152
20902613
20906754
20909498
20911559
20914218
20918525
20921463
20925380
20928089
20930455
20932506
20934561
20938769
20943648
20947711
20950923
20953476
20957351
20959505
20963585
20968034
20970737
20973554
20977330
20981950
20984631
20988841
20992821
20997562
21002186
21004396
21006533
21011486
21016252
21018456
21021977
21024552
21027922
21030806
21032872
21035134
21039916
21042437
21044675
21047601
21052195
21054613
21059194
21062079
21065814
21068115
21071886
21074154
21077615
21081781
21084852
21088988
21092774
21096457
21099106
21101390
21105260
21110130
21114069
21117010
21121768
21125280
21128163
21130690
21132765
21135977
21138452
21142939
21147829
21150952
21153220
21158123
21161828
21164440
21169381
21171858
21176794
21181535
21183931
21186884
21190748
21193781
21197926
21200793
21205093
21209509
21212402
21216618
21220116
21224075
21228798
21233430
21235566
21240502
21242510
21244855
21249295
21252368
21255180
21258163
21263079
21266711
21268829
21273258
21276335
21278702
21283029
21285368
21289769
21292918
21296541
21301377
21304592
21306781
21310902
21313586
21318503
21321080
21325535
21329463
21333033
21337796
21341558
21344901
21349172
21351851
21354652
21358738
21360796
21363989
21366966
21371341
21374184
21378431
21383062
21386667
21390857
21393349
21397485
21400769
21404719
21407841
21411469
21414375
21418924
21422559
21425835
21428742
21432829
21435040
21437477
21441276
21445767
21448178
21451186
21453192
21457879
21460709
21464442
21466520
21470901
21473706
21475873
21480490
21483709
21488286
21491693
21495665
21497954
21502524
21507275
21510101
21513107
21516294
21521043
21523303
21526129
21528767
21533372
21537769
21540827
21543949
21548903
21553272
21556634
21561386
21564524
21568574
21570768
21574897
21579766
21584461
21589319
21593299
21595416
21597619
21600542
21604343
21609056
21612075
21614845
21618778
21622370
21625894
21630811
21634364
21638212
21642733
21645781
21648835
21652752
21655112
21658353
21661886
21666709
21669570
21673294
21676629
21681164
21685150
21688593
21692377
21694718
21697668
21700794
21705643
21707736
21711759
21715061
21718321
21720375
21724974
21727520
21731588
21734172
21738163
21742575
21745925
21748557
21751670
21754996
21758540
21763134
21767240
21770186
21772247
21776556
21780306
21784494
21789343
21793293
21795338
21799144
21802271
21806323
21810047
21812132
21814526
21816766
21820250
21823745
21825942
21828651
21832114
21836623
21839544
21844476
21847347
21852232
21856880
21861589
21865948
21868756
21872595
21875351
21879617
21883310
21886564
21889781
21894189
21896471
21899941
21903955
21907300
21909300
21911334
21916268
21919854
21922480
21924988
21929652
21933206
21937250
21940817
21944983
21947808
21950008
21953334
21957552
21961444
21965534
21969733
21973986
21977956
21982913
21986640
21991454
21993846
21997846
22000728
22005652
22008796
22011086
22015189
22017778
22020568
22023543
22028441
22031924
22034682
22037912
22042881
22046878
22049762
22054709
22056921
22060452
22064716
22067336
22071132
22075850
22079337
22081570
22086148
22090260
22092726
22095228
22099221
22104041
22108900
22113376
22118129
22122379
22127356
22132009
22134062
22138380
22142279
22144885
22146955
22151106
22153705
22156548
22160126
22162484
22164550
22168266
22171369
22176281
22178614
22181768
22185973
22190692
22193893
22197054
22199239
22203482
22206268
22210188
22215057
22217442
22221951
22226940
22229927
22234722
22237434
22240029
22243880
22247466
22250587
22253827
22256933
22260492
22264770
22267573
22269795
22273098
22275998
22280574
22284392
22287903
22292881
22296429
22299404
22302857
22305456
22310049
22313366
22316230
22318431
22322574
22327380
22331513
22335805
22340566
22343382
22348239
22350610
22354808
22357255
22361432
22364130
22367875
22372628
22374950
22379377
22382207
22387007
22391730
22396408
22400328
22402913
22407226
22412012
22416367
22418528
22422746
22427464
22431194
22433365
22435709
22440567
22442941
22447103
22449400
22451812
22454121
22456987
22461890
22466450
22470747
22475104
22477671
22481718
22485878
22489754
22491773
22495480
22498613
22503061
22507894
22512580
22517116
22521597
22523908
22528866
22533279
22536206
22538581
22542017
22545790
22548838
22552810
22556726
22559489
22564021
22567308
22571019
22575549
22578364
22581307
22584112
22586643
22588895
22592421
22596103
22598703
22601530
22603908
22608669
22611666
22615360
22617567
22620206
22623664
22627768
22630885
22635661
22638679
22642974
22647331
22650311
22653726
22656813
22659358
22663960
22667323
22669342
22671501
22675200
22677297
22681577
22685351
22688564
22693019
22697632
22700940
22705469
22709348
22711769
22714577
22716831
22720658
22724636
22727831
22730673
22734146
22737694
22739924
22743017
22745347
22748284
22751339
22755013
22758308
22763163
22765828
22768845
22771186
22775159
22778778
22783044
22785583
22788573
22792190
22794203
22796826
22800716
22804726
22807608
22811376
22814750
22818256
22822426
22824808
22828432
22830774
22833942
22838285
22842367
22846162
22851014
22855083
22859449
22862031
22866616
22868843
22871480
22875327
22880166
22883449
22887307
22890881
22894386
22898335
22902214
22904683
22906820
22911692
22915577
22919424
22922414
22924638
22927945
22931806
22934371
22937529
22940725
22945567
22949561
22952469
22956308
22960049
22963453
22967879
22971699
22975041
22978560
22982073
22986560
22989078
22992108
22997014
23000252
23004071
23006417
23008533
23012707
23015371
23019502
23021951
23025102
23028460
23032171
23037058
23039141
23042381
23045362
23047566
23052264
23055182
23057809
23061096
23065257
23069302
23072715
23076317
23078498
23082014
23084590
23087838
23091831
23096802
23100653
23104855
23108470
23110506
23113158
23116781
23120697
23123069
23126745
23128846
23132212
23136563
23139709
23141873
23144897
23148520
23152324
23154396
23157898
23161019
23163157
23167040
23171608
23175693
23177876
23182821
23185912
23190211
23194499
23198345
23201235
23204450
23207581
23210424
23213545
23217860
23220320
23224607
23226717
23228842
23231006
23233282
23238078
23242023
23244673
23247866
23251651
23254994
23257970
23260727
23263176
23265757
23268624
23271251
23274364
23277118
23280961
23283387
23285602
23289025
23293893
23298786
23303335
23308292
23310541
23313254
23315779
23319393
23323034
23326599
23329706
23332381
23337108
23340872
23348060
23352049
23355186
23359307
23361796
23366294
23368380
23372660
23375346
23377637
23380467
23384884
23389773
23391870
23394121
23398293
23402534
23406950
23409282
23411289
23414465
23418461
23420934
23423272
23425538
23428698
23433133
23435463
23440046
23442717
23444882
23449225
23451963
23455696
23458634
23463255
23465884
23469901
23472670
23476544
23480641
23485599
23488939
23493816
23497556
23499667
23502912
23506091
23508665
23513021
23515852
23520309
23522797
23527754
23531406
23534177
23538937
23541614
23544866
23549009
23551637
23555905
23558817
23562280
23569088
23571555
23575687
23580130
23582987
23585470
23590352
23593521
23596939
23600843
23605795
23608045
23612428
23614929
23619241
23623583
23627205
23630553
23635150
23638709
23641944
23644272
23647184
23649802
23655865
23660266
23664099
23666461
23669921
23673812
23678570
23680733
23684641
23689621
23691958
23694300
23698052
23701306
23703519
23707228
23711581
23714027
23717429
23721513
23725098
23727660
23731979
23735636
23738980
23743299
23748062
23752526
23756351
23760926
23764421
23769033
23771353
23776153
23778637
23783595
23787719
23796333
23799797
23802373
23813620
23816680
23821337
23825639
23828329
23830895
23833525
23837901
23841779
23849743
23852040
23858713
23862343
23865923
23869580
23873268
23875303
23880053
23882907
23890828
23893404
23897249
23900854
23905841
23910694
23915536
23926524
23931412
23934996
23942058
23945032
23947708
23953325
23957280
23960802
23965005
23969361
23973737
23977966
23980545
23984567
23988185
23992086
23995697
23999185
24001865
24005171
24008186
24011294
24015220
24019046
24022633
24026294
24029636
24033652
24035679
24040302
24042832
24047219
24051278
24055463
24059779
24064445
24070560
24072914
24076083
24078824
24081623
24086051
24089699
24092916
24095543
24102636
24108842
24112096
24116187
24118527
24123522
24127742
24130824
24147016
24151459
24155387
24158064
24161964
24165258
24169016
24171736
24174766
24177120
24184993
24192301
24196031
24203562
24207842
24211910
24214604
24219233
24222643
24225155
24228331
24231380
24239673
24243086
24247562
24250484
24252990
24256933
24261234
24265984
24269757
24276830
24280115
24282536
24286579
24291085
24295675
24300365
24304589
24309444
24311552
24317737
24321362
24324820
24328006
24335729
24338241
24346371
24349758
24352058
24354850
24356867
24361666
24369727
24382230
24385050
24389443
24393411
24395711
24398138
24402245
24406425
24409775
24412844
24419599
24423913
24431523
24434632
24437503
24442447
24448348
24452034
24454928
24458632
24461525
24464046
24468720
24471842
24475471
24480361
24482863
24485012
24491668
24493971
24497413
24509971
24514402
24517702
24522410
24525447
24528575
24530822
24534209
24537110
24540974
24545735
24552868
24555255
24558178
24561987
24564474
24569398
24572650
24575912
24578678
24582904
24587868
24590651
24593414
24596125
24608131
24610925
24612941
24619230
24622540
24625258
24627739
24635395
24643124
24647874
24651598
24654999
24657076
24660818
24663646
24673157
24681444
24685505
24690237
24692753
24697341
24700515
24704807
24711515
24714732
24718567
24721910
24726362
24733815
24740622
24745308
24748585
24753222
24761691
24771073
24773327
24777356
24780647
24782899
24790712
24792905
24796454
24798560
24800962
24804347
24808816
24811668
24815699
24818457
24820980
24824602
24829007
24833674
24837353
24841565
24846564
24850940
24853042
24861322
24865085
24869425
24874067
24878649
24882122
24889833
24893735
24895870
24899915
24902644
24906169
24908995
24916663
24919141
24924033
24928382
24930407
24937413
24939587
24944364
24948812
24953299
24957618
24961886
24969270
24974055
24980651
24984009
24988394
24992661
24997087
25000147
25002638
25007479
25011584
25015492
25018773
25021235
25024810
25031494
25035819
25038920
25042170
25044533
25048240
25050971
25054901
25059533
25063849
25066080
25068801
25073023
25075311
25081848
25084579
25089323
25093876
25098435
25102158
25106341
25121021
25124664
25127371
25129892
25133407
25138130
25146108
25150533
25154758
25157523
25161947
25168207
25172453
25176239
25179995
25186736
25198057
25200206
25205040
25212684
25215338
25219626
25221646
25226618
25233833
25236284
25245043
25254437
25257107
25265237
25273093
25277331
25285226
25291538
25295636
25298233
25306786
25312548
25315736
25327206
25334480
25345096
25348943
25353821
25358645
25364242
25368425
25371081
25374383
25379273
25382171
25384327
25387516
25390006
25392255
25394969
25399066
25406967
25409700
25413250
25419963
25424168
25428799
25433681
25441213
25447532
25450042
25453365
25457210
25461471
25465591
25468224
25470497
25472881
25477131
25479906
25482589
25485896
25490216
25492883
25497765
25506859
25512975
25521198
25524809
25532406
25535816
25538807
25542778
25545266
25549101
25551641
25554056
25556125
25564582
25568896
25571907
25574432
25576520
25579069
25588339
25592346
25594720
25598786
25602839
25607598
25611854
25625245
25629475
25633026
25637868
25640468
25649140
25651405
25654911
25656918
25661301
25669479
25673773
25678716
25681530
25684576
25688749
25692370
25698248
25707662
25710392
25713474
25717238
25720536
25724072
25726351
25728392
25731321
25736515
25740717
25748271
25751303
25756239
25760602
25764412
25767901
25775835
25778469
25786573
25789223
25791771
25799043
25807555
25809779
25817369
25824293
25828116
25830516
25833588
25841379
25845523
25849459
25857084
25861120
25863178
25870018
25872193
25876013
25882591
25886551
25889464
25894880
25908136
25911541
25927557
25932554
25937194
25940284
25943720
25946253
25949369
25953244
25957150
25961554
25964253
25970692
25980051
25987191
25994088
25999047
26002211
26005017
26008885
26012812
26018098
26023342
26026534
26030355
26032826
26036380
26039200
26041999
26048985
26051883
26055967
26068072
26078298
26080414
26083793
26086934
26089826
26092551
26095914
26111081
26115554
26120068
26124360
26127319
26130262
26133683
26137667
26141067
26145815
26149110
26157835
26162596
26169261
26172088
26176970
26187558
26199739
26203148
26212411
26214990
26217820
26220962
26224829
26227316
26230411
26232542
26235023
26239869
26243770
26246344
26253035
26260773
26263557
26268546
26271063
26273527
26275859
26279382
26288002
26290897
26298050
26301148
26305550
26312975
26316221
26324564
26329138
26331237
26335280
26337792
26340895
26345428
26349016
26366146
26372479
26375481
26378071
26385046
26387645
26392565
26397739
26399881
26408044
26411145
26415184
26419637
26426138
26430877
26433292
26442358
26445382
26450240
26452692
26457273
26465675
26468068
26472263
26479858
26486786
26490040
26493032
26497242
26501725
26509864
26513397
26516093
26519443
26521572
26524038
26528382
26532416
26536753
26549415
26555494
26558472
26568080
26577908
26582071
26584155
26590841
26595748
26599955
26604749
26615763
26620431
26623257
26627131
26631549
26635081
26642408
26645829
26648921
26652600
26656602
26661406
26665102
26668652
26671118
26674437
26679034
26690625
26694786
26702266
26709541
26712005
26716984
26724691
26736058
26738582
26741087
26750207
26758402
26764196
26766218
26773702
26781128
26783971
26787990
26792375
26804788
26808290
26811226
26817428
26821609
26823695
26830113
26837033
26839169
26842109
26844553
26846986
26851272
26853302
26857033
26863469
26866790
26870381
26872589
26876260
26879439
26883274
26886889
26889756
26897119
26912398
26920063
26925434
26927506
26935150
26941866
26944723
26949616
26956525
26960505
26965527
26969029
26986075
26988300
26992694
26996050
26998075
27008963
27026454
27033012
27036690
27038851
27041421
27048149
27060057
27071573
27079443
27083928
27086764
27090673
27093596
27101979
27107456
27109870
27113595
27118192
27121478
27128695
27138016
27145258
27154775
27157908
27162072
27165261
27168877
27172311
27176275
27180626
27184203
27197836
27200336
27202942
27207497
27216065
27224174
27230999
27235622
27237893
27240409
27242633
27245884
27248052
27250577
27252622
27256658
27264481
27268095
27274726
27283364
27285705
27288379
27299923
27310494
27314253
27318914
27327538
27333358
27335631
27339536
27342572
27353031
27355075
27359317
27364033
27372418
27376751
27384197
27388893
27395960
27404246
27407700
27410348
27413339
27416884
27423468
27428085
27430923
27433441
27436034
27443087
27451707
27454064
27457404
27463908
27472934
27477921
27481765
27484359
27500108
27503521
27505812
27512073
27517606
27520694
27525339
27527576
27531322
27536185
27543387
27547435
27551045
27555854
27559292
27574162
27582476
27586390
27590529
27592729
27597075
27599491
27604189
27606744
27610444
27617801
27620642
27625074
27632458
27635157
27638825
27641322
27647614
27651414
27655204
27659559
27662967
27667407
27671309
27673617
27678569
27684124
27689102
27701999
27706261
27719194
27727182
27730621
27736516
27739385
27742737
27746296
27752402
27757308
27759422
27768187
27772232
27787363
27808354
27816142
27822216
27825183
27829809
27836210
27839623
27848272
27855379
27866315
27870354
27883433
27887289
27906339
27910284
27921885
27927353
27934090
27938119
27940242
27948211
27958045
27962110
27965122
27969060
27981003
27985821
27989390
27993778
27996149
27999881
28004449
28013111
28020041
28027476
28032412
28036220
28040024
28043153
28045901
28048807
28051776
28067266
28071249
28073304
28088601
28092955
28096007
28102603
28110679
28123795
28139148
28151299
28154902
28158551
28161262
28165600
28169826
28177080
28183215
28187076
28191929
28214319
28225604
28228699
28232175
28234316
28239155
28241228
28244330
28248972
28252547
28255785
28262274
28264781
28267879
28274641
28277541
28280279
28283038
28290434
28301923
28308274
28313139
28315451
28326259
28334948
28337700
28344392
28350320
28355784
28374562
28379195
28389501
28400819
28402891
28405450
28409308
28429195
28437255
28443640
28451496
28456144
28458763
28460931
28464935
28476540
28481507
28487893
28501143
28505774
28513843
28516638
28527647
28530638
28532885
28537934
28547560
28552229
28559359
28563276
28566952
28570658
28574173
28581074
28589860
28592466
28596524
28604332
28615242
28626535
28633313
28638889
28643370
28656581
28658603
28665056
28668132
28670643
28674345
28680923
28688540
28691451
28693576
28696052
28709251
28713032
28715649
28719757
28724276
28728071
28733688
28742342
28745236
28754754
28762883
28766375
28768410
28771824
28776169
28780670
28784024
28786203
28791280
28793440
28801137
28805759
28809543
28811792
28820264
28828780
28831917
28840471
28845289
28847525
28859180
28879876
28882400
28886302
28893308
28895411
28897586
28912137
28919259
28924063
28937924
28944623
28947620
28952430
28956929
28965211
28970188
28974753
28978908
28985340
28989453
28993593
28996365
28999152
29003460
29010909
29013076
29016084
29025377
29027789
29037591
29046808
29056385
29064957
29068850
29084392
29087002
29090391
29096425
29098745
29103084
29107894
29118855
29122686
29130258
29135004
29142392
29153503
29160986
29172926
29179164
29183311
29188899
29192778
29206693
29223312
29225524
29228220
29231010
29234201
29236347
29242058
29248339
29252095
29263790
29270857
29282702
29288831
29296584
29309376
29317394
29319884
29330262
29337907
29374662
29379463
29387932
29390658
29407711
29411473
29421099
29434235
29438669
29441525
29450667
29474003
29481872
29484014
29493262
29517756
29520630
29543181
29571719
29575107
29577698
29581120
29601446
29604104
29608289
29613248
29619643
29627251
29630112
29634781
29642397
29645017
29647804
29657555
29666882
29686381
29702549
29706375
29709796
29713288
29715827
29727415
29729911
29744191
29754801
29766171
29776449
29790738
29794512
29800038
29807701
29810713
29820229
29836670
29839224
29842622
29847435
29851564
29856342
29864169
29871160
29879379
29881732
29884421
29891809
29894178
29897871
29912605
29937372
29946270
29957318
29962098
29966908
29971436
29975872
29978334
29984954
29989362
30008256
30011872
30013893
30018014
30023758
30030575
30035054
30037905
30045624
30054438
30064438
30066941
30074306
30078987
30082465
30084484
30088839
30092721
30095249
30102957
30107022
30128479
30131534
30135780
30139468
30147472
30152467
30167326
30172064
30175945
30180820
30191876
30207268
30210595
30218473
30220676
30222984
30227769
30231467
30240997
30245796
30257647
30259836
30279514
30283973
30286760
30291632
30293846
30305036
30307489
30309639
30319573
30327543
30336275
30340974
30348029
30357761
30361205
30364347
30368044
30375258
30383378
30395692
30413381
30416885
30422277
30425582
30433072
30443269
30446769
30449983
30463537
30468114
30470402
30473204
30476938
30484918
30487399
30491420
30503384
30507334
30509991
30518991
30522176
30524838
30530774
30534470
30540252
30545463
30548963
30553516
30560593
30563547
30566362
30571201
30578893
30582783
30585265
30588252
30590876
30594343
30606188
30609256
30611577
30624301
30634412
30643484
30651797
30657995
30674480
30679372
30698588
30707496
30711826
30713992
30718857
30721737
30735861
30740548
30744880
30750975
30754124
30770915
30779074
30782208
30786953
30795490
30798761
30805041
30849680
30855351
30859925
30864442
30866755
30872568
30877123
30879918
30882736
30888345
30901632
30912756
30920844
30923493
30928932
30932420
30942195
30946162
30952739
30956454
30962958
30967037
30981367
30987614
30991992
30998010
31000318
31006183
31013585
31018182
31022889
31024917
31045459
31049149
31051523
31056269
31059195
31070443
31074978
31094426
31101760
31117519
31121960
31126453
31129787
31134407
31143240
31159052
31163853
31176861
31181129
31186819
31194653
31199535
31207329
31212856
31219436
31224895
31230782
31233287
31250924
31255850
31273144
31276986
31284698
31293287
31302697
31315827
31320089
31333009
31336750
31347955
31370691
31378900
31393605
31397262
31413718
31431051
31435537
31444864
31452616
31454678
31472494
31480851
31485759
31489483
31496571
31498655
31501620
31505633
31510414
31518058
31524894
31537257
31541476
31545169
31549734
31561350
31572994
31588827
31609495
31615568
31627099
31636259
31647171
31660792
31663150
31667448
31674982
31694039
31696389
31699834
31704753
31712694
31721367
31729643
31732149
31740723
31755656
31759867
31763735
31766093
31776510
31779179
31788744
31800758
31820471
31827572
31830973
31839282
31857664
31861871
31866611
31893045
31896960
31899224
31901294
31904679
31910427
31912663
31916164
31920822
31936561
31942957
31945904
31964411
31969088
31973667
31976299
31978976
31987964
31992441
32001923
32013383
32015737
32018068
32022592
32044576
32047609
32050034
32052208
32054262
32070166
32086489
32097142
32105600
32109413
32111999
32119298
32124666
32127719
32131609
32135208
32141900
32144410
32150129
32163622
32166281
32176127
32180553
32195049
32199819
32207606
32211253
32221113
32225569
32229601
32233772
32238237
32241688
32250574
32260300
32268862
32271827
32284129
32286902
32289517
32300404
32307728
32318422
32322116
32332207
32340590
32344865
32364615
32390073
32393488
32405259
32414689
32425567
32430359
32435116
32442184
32445486
32453806
32458424
32468767
32475637
32490617
32494312
32501306
32513587
32518179
32528137
32534716
32563928
32573227
32592572
32596892
32599211
32611828
32628856
32631654
32642354
32646246
32649586
32652702
32662269
32666680
32670126
32683235
32685848
32697010
32705584
32715490
32720128
32724857
32729631
32733283
32735950
32739995
32750223
32770846
32778581
32782061
32788744
32795190
32798041
32801485
32808002
32812227
32814449
32816805
32818960
32840152
32842564
32854449
32862820
32866076
32870980
32873789
32878935
32886528
32907083
32917933
32920139
32928137
32934264
32944581
32956015
32959480
32969590
32994754
33001973
33004429
33009993
33024007
33031246
33053221
33064506
33079207
33083809
33087238
33090529
33100275
33113038
33133761
33137803
33144613
33154411
33158262
33167125
33169160
33184154
33186271
33189998
33194646
33204256
33254064
33270589
33277057
33281490
33289252
33293862
33307207
33312009
33321056
33345840
33348436
33351840
33359571
33371724
33376596
33380312
33384920
33389452
33403777
33408606
33419105
33436306
33441295
33449106
33456275
33458578
33463852
33471409
33484954
33508828
33515967
33525759
33549203
33560257
33575200
33579047
33585920
33588544
33598966
33613009
33615152
33626574
33629571
33632142
33650407
33662542
33677637
33684218
33686604
33697192
33715329
33724805
33727848
33730382
33733849
33744677
33754427
33759223
33768559
33776216
33780810
33784411
33788580
33792121
33797535
33801282
33813260
33821380
33830997
33841380
33857574
33861836
33865739
33868881
33877917
33880945
33884754
33901410
33905444
33924083
33930667
33934649
33942049
33947142
33950696
33954947
33964890
33969804
33985785
33992975
33997868
34008031
34015795
34021024
34027689
34030983
34036475
34042684
34047392
34049661
34051766
34061732
34068975
34085682
34089607
34102527
34106997
34109320
34121440
34139333
34141818
34146532
34160193
34168262
34175508
34179220
34198195
34200555
34204126
34224659
34246759
34250576
34267500
34281307
34287543
34290909
34294208
34303284
34310521
34358817
34363506
34366921
34380815
34384950
34398494
34408743
34411932
34414775
34439773
34443089
34445124
34455325
34461731
34479770
34483273
34486681
34489468
34493004
34500773
34504194
34512574
34524091
34555709
34559678
34588782
34598320
34605067
34612938
34616977
34634017
34656816
34666189
34669502
34676706
34702227
34705613
34723880
34743848
34752358
34758594
34767578
34795168
34798297
34820720
34833054
34836345
34840704
34858679
34860950
34865137
34881540
34885207
34895534
34902336
34911343
34919500
34925658
34932820
34942263
34951024
34958256
34966843
35003557
35010149
35017189
35031599
35043461
35071987
35075002
35084143
35086221
35089808
35100424
35103575
35130340
35142822
35153955
35168769
35189425
35202797
35206037
35211895
35216590
35230341
35237250
35239743
35266225
35268996
35285932
35293351
35302102
35306751
35338948
35370966
35378221
35382917
35388966
35393712
35398023
35431078
35446440
35448703
35476761
35481586
35490456
35493260
35498059
35500915
35509700
35512426
35527681
35537711
35540041
35546143
35553211
35567579
35583423
35618492
35632484
35636241
35655464
35663312
35674599
35677187
35689615
35695651
35700623
35703493
35705995
35719404
35741517
35760549
35765052
35772967
35783843
35799363
35806248
35809408
35813126
35819667
35826912
35849031
35859682
35862985
35865262
35869635
35871891
35879051
35888568
35891233
35900868
35916191
35930264
35934194
35937918
35940709
35948591
35953911
35979968
35984884
35992418
35998676
36014171
36016263
36050435
36088737
36103653
36109727
36112231
36115124
36126951
36142530
36156272
36164688
36168470
36173067
36181909
36201739
36216280
36231641
36233771
36240304
36247883
36295666
36318306
36331632
36335873
36340258
36343345
36362215
36365547
36372386
36375505
36379726
36385947
36400157
36404446
36423093
36459556
36473827
36481309
36491536
36513631
36516318
36530033
36541937
36545838
36549064
36562735
36567402
36573933
36612946
36620115
36622270
36625402
36628499
36635855
36673866
36678719
36691687
36698573
36717748
36725451
36731768
36734908
36744338
36751873
36756347
36781773
36794162
36810212
36814297
36835157
36840148
36851503
36878041
36880957
36884266
36892651
36896628
36899672
36910695
36913600
36920070
36926936
36930090
36936956
36941821
36952654
36962424
36978331
36984708
36996174
37016892
37024111
37026623
37034275
37040302
37045286
37049700
37052914
37057023
37069509
37075824
37103564
37118365
37136899
37143656
37153006
37155710
37164918
37169712
37173935
37187351
37205708
37221426
37229530
37236773
37241207
37244329
37247762
37253816
37257771
37262425
37274787
37280400
37296660
37310376
37330608
37343803
37346808
37353062
37375336
37394390
37412303
37433121
37435528
37449572
37454805
37498566
37516787
37524222
37532647
37536965
37547274
37551664
37563321
37569962
37572825
37589243
37591696
37597206
37599553
37628246
37632226
37640627
37647255
37666802
37671639
37675580
37678955
37684647
37688495
37700256
37712227
37717647
37725497
37746283
37757177
37777035
37786480
37793815
37800049
37815240
37824952
37828855
37832278
37834445
37836947
37839469
37847078
37853217
37861592
37869180
37878068
37909971
37914345
37937466
37957006
37964934
37969572
37976110
37981103
37988185
38002113
38006086
38013139
38020980
38029025
38040627
38047688
38069356
38081942
38085754
38090547
38094836
38106210
38109563
38115862
38118227
38134466
38137153
38144440
38169330
38183872
38205270
38209169
38218257
38221334
38233656
38240794
38245425
38250486
38253031
38260671
38270952
38277900
38282200
38284305
38294698
38297348
38308656
38319231
38328782
38340428
38346618
38357272
38366734
38371667
38397025
38404592
38406943
38417172
38422810
38425273
38429110
38440647
38450658
38458101
38462921
38465756
38480759
38496780
38498800
38507866
38512798
38536195
38539781
38545325
38549648
38551779
38555665
38571901
38576786
38588515
38600182
38602211
38604219
38606220
38617020
38619734
38624335
38630685
38643560
38648522
38657559
38671717
38674763
38696012
38706239
38710210
38733107
38749626
38762224
38771613
38773889
38779543
38784397
38796522
38799028
38818243
38820925
38839745
38841795
38845390
38866572
38873150
38893888
38905171
38909994
38935870
38940624
38945043
38964592
38968793
38970832
38973106
38977205
38989678
39019147
39047608
39054533
39092519
39097156
39112243
39117086
39130005
39134169
39146397
39151257
39163993
39169828
39178745
39183545
39195352
39197756
39210678
39214099
39225108
39239441
39243990
39250110
39255092
39267573
39270166
39274171
39285107
39292800
39296761
39305049
39313304
39327076
39332038
39341821
39345882
39355487
39365939
39373656
39392700
39400715
39403175
39425677
39430275
39435851
39440258
39448346
39457783
39466658
39471490
39481460
39496413
39501167
39522575
39534446
39536474
39545457
39549077
39574343
39578755
39582184
39584904
39595870
39600044
39612236
39615498
39624980
39631847
39648187
39658070
39664386
39674290
39692477
39698814
39703594
39705782
39709730
39736422
39765324
39768859
39772711
39784011
39786734
39809009
39830939
39833751
39838655
39855373
39874052
39908914
39922386
39927069
39933995
39942262
39958029
39964699
39981184
39990665
39997451
40000086
40004685
40017319
40029126
40042128
40071138
40075084
40079338
40087357
40129464
40140340
40178858
40201206
40211953
40222086
40226443
40253615
40256221
40291093
40293299
40298141
40300883
40310846
40323962
40331964
40348648
40360888
40363341
40374911
40401507
40409647
40415175
40419486
40425557
40429191
40431967
40450016
40459627
40480106
40482580
40501387
40525542
40528304
40535398
40540100
40561512
40568754
40586154
40600220
40604004
40606382
40608507
40611454
40639800
40642219
40646599
40651342
40661689
40668225
40690690
40699782
40702919
40712178
40726592
40733363
40737095
40748655
40783302
40786553
40788997
40793602
40805261
40808478
40811237
40814235
40821253
40829794
40843989
40870844
40877707
40884812
40892217
40904417
40906801
40919086
40921309
40926030
40955164
40964195
41008004
41015589
41018404
41033756
41035902
41058809
41060814
41070928
41073070
41079169
41081387
41088512
41092096
41105330
41110173
41132870
41170068
41172146
41174880
41190230
41201099
41205119
41207842
41212286
41217225
41224108
41227246
41234808
41239195
41243784
41250781
41261215
41282314
41284474
41292358
41300640
41303729
41329025
41331970
41335687
41340471
41348763
41355948
41370767
41374789
41383247
41386203
41403572
41417698
41423554
41436029
41441827
41455339
41458216
41465094
41467634
41476019
41480164
41487142
41495940
41500113
41523849
41529796
41534784
41537370
41544742
41558761
41563502
41602364
41607249
41610957
41614242
41622249
41650912
41665341
41682742
41687825
41690063
41706367
41716642
41723658
41731313
41734385
41739270
41750342
41774800
41781936
41788237
41799065
41812388
41821043
41834252
41841332
41856557
41859785
41867912
41875644
41881674
41884959
41889516
41908740
41932798
41938644
41957705
41965213
41967525
41984240
41990576
41999360
42018305
42034000
42056263
42077998
42082545
42085336
42096385
42100193
42103831
42106296
42117286
42121429
42132529
42139997
42162205
42165726
42181741
42197788
42204512
42228112
42242312
42248720
42252635
42257479
42267745
42288089
42295891
42325013
42345882
42348380
42353015
42355778
42360604
42369507
42381657
42394339
42402719
42428577
42431586
42435554
42451490
42457617
42459757
42464354
42484389
42515511
42523511
42531684
42539175
42541467
42549775
42561050
42571072
42575221
42583668
42590305
42595227
42605214
42609020
42616148
42625598
42630269
42637205
42672944
42681708
42694328
42700819
42714770
42722020
42727029
42729212
42743182
42745306
42767568
42787506
42806502
42818266
42840134
42845651
42853212
42868645
42886060
42889643
42892342
42896742
42903935
42912284
42927767
42932321
42938496
42946279
42954515
42962743
42971409
42974141
42998166
43008487
43018155
43025152
43034128
43041560
43044085
43051770
43082824
43118746
43126103
43140138
43143744
43158200
43162107
43166737
43181984
43184569
43186992
43194798
43199715
43204553
43209007
43223596
43228313
43240795
43248280
43266895
43268954
43295615
43298524
43318453
43328194
43332111
43339468
43346114
43355733
43359053
43413904
43444469
43449206
43477322
43480601
43508789
43520448
43532977
43539746
43550771
43570471
43577335
43594487
43606246
43614027
43617018
43621814
43629173
43633964
43678007
43681888
43703534
43707851
43710396
43713943
43716336
43737963
43748011
43777230
43787665
43791616
43795002
43799999
43803249
43812811
43831525
43847350
43860196
43870381
43879106
43883690
43895693
43902752
43906123
43908207
43914033
43919021
43922683
43959388
43961455
43968545
43974886
43985652
43997559
44005322
44008652
44018594
44033008
44036554
44039815
44043883
44068650
44075978
44084132
44099510
44106081
44112597
44116379
44121270
44125812
44156830
44160035
44167954
44178194
44187824
44190232
44193277
44198174
44204538
44220212
44229324
44238809
44249055
44266131
44281979
44288368
44298996
44302824
44311079
44319273
44323888
44330836
44338497
44345380
44349477
44352073
44356449
44365851
44370237
44372409
44376100
44386926
44401395
44406266
44415170
44424612
44431923
44436114
44440948
44445042
44454712
44478416
44489059
44503861
44508725
44514614
44519099
44547451
44550872
44571071
44584122
44591518
44604211
44606505
44613596
44629221
44633388
44646109
44648556
44672569
44679910
44693544
44697953
44713918
44716080
44723454
44734497
44781592
44821290
44830564
44847223
44903264
44916694
44930028
44937155
44942388
44962527
44966015
44969835
44980922
44993837
44995912
45002908
45006509
45016140
45021079
45040638
45045505
45089408
45100171
45108465
45121211
45130367
45135148
45150441
45156945
45159320
45166907
45170902
45178255
45198062
45202041
45225248
45227512
45232094
45235950
45240359
45245978
45249074
45253324
45300618
45305337
45314994
45319113
45323169
45326624
45335853
45341165
45353713
45360296
45369605
45377470
45387968
45391545
45400679
45409033
45411267
45417229
45436270
45439905
45457218
45473544
45480472
45482992
45485140
45488186
45490454
45492774
45498874
45505429
45509844
45512006
45524688
45526869
45555631
45561978
45564280
45572370
45593655
45602239
45608492
45612428
45616342
45630673
45643556
45648642
45653104
45657544
45673225
45678078
45681920
45687519
45691077
45695528
45710007
45713224
45738441
45748883
45751148
45762300
45773831
45788710
45805002
45808673
45812171
45821475
45824354
45827609
45839546
45841717
45847514
45851981
45873526
45877856
45893835
45900863
45909829
45921619
45926521
45929852
45932009
45935007
45944475
45949314
45952399
45955787
45959999
45964177
45968641
45983643
45987055
46001774
46006866
46010545
46052474
46055050
46059973
46079843
46084421
46101345
46114316
46119982
46128936
46133302
46135946
46147419
46155278
46161752
46163996
46169640
46174188
46176955
46179018
46186981
46198165
46202013
46205286
46218244
46221332
46229616
46235864
46244292
46247301
46252243
46258621
46263346
46275102
46296034
46300219
46304533
46311834
46316205
46319807
46333759
46349862
46367355
46381265
46387803
46391467
46395139
46401100
46406500
46414824
46417050
46420325
46423591
46431119
46438696
46451494
46465784
46469034
46500459
46509062
46516708
46519398
46521444
46530643
46535196
46550335
46563022
46570922
46577874
46581917
46586548
46595261
46604580
46612697
46630421
46633889
46644609
46651916
46658462
46662526
46676214
46686934
46689072
46702779
46705391
46714881
46726000
46730954
46757752
46765979
46779663
46783867
46800484
46805010
46808810
46812501
46825934
46833078
46835352
46846924
46851577
46860248
46867524
46873466
46889877
46904596
46908189
46912366
46924572
46927236
46930610
46948650
46957775
46960361
46988079
46990762
46994609
47006400
47019622
47038811
47048912
47056875
47064191
47068318
47071806
47078417
47084654
47087657
47096100
47104303
47108860
47111741
47115710
47125358
47138135
47140806
47142959
47145301
47148292
47158485
47160986
47170731
47178568
47195737
47212286
47217245
47219362
47222395
47230119
47235059
47244259
47249468
47251923
47264812
47278931
47282389
47298435
47313879
47334939
47341558
47350881
47354623
47358157
47365287
47368133
47372188
47381937
47385178
47387644
47390636
47394277
47407903
47423991
47427694
47440517
47444711
47458646
47463124
47472443
47474839
47507861
47517657
47523754
47529808
47534247
47547293
47558734
47573292
47579583
47583667
47595670
47599756
47605687
47610464
47618424
47622037
47631138
47640699
47646824
47655538
47672516
47674973
47677075
47683856
47697181
47701634
47705110
47708488
47712427
47739215
47751285
47757188
47759882
47771817
47776774
47803421
47809979
47817390
47823587
47829820
47834289
47840629
47849949
47852111
47855125
47860432
47865376
47872894
47877445
47892237
47896490
47926500
47946486
47962148
47976481
47980635
47989017
47993460
47996034
47999901
48002932
48010543
48017568
48020914
48028052
48062171
48066358
48071310
48098716
48102874
48109929
48114553
48133083
48137856
48152015
48166935
48171893
48174127
48176780
48180164
48192527
48207394
48223779
48235034
48237277
48243862
48270103
48272181
48283730
48288454
48295252
48297795
48313128
48321096
48330191
48348086
48350403
48376885
48381846
48386787
48391378
48397541
48401499
48406031
48410826
48413134
48415294
48420051
48437360
48441100
48453065
48458828
48461048
48481867
48489613
48496835
48503395
48507969
48533413
